H01|010201|602474|2019-11-30|LBBPRK|1200|0|
D01|002|00200811|0004886|20|875|0194|20190906|20200306|4.75|1500000|0||0|1500000
D01|001|00100344|0010009|20|875|0194|20190705|20200105|5.50|7500000|0||0|7500000
D01|001|00100270|0010046|20|875|0194|20190713|20200113|5.50|7500000|0||0|7500000
D01|001|00100274|0010061|20|875|0117|20190724|20200124|8.00|100000000|0||0|100000000
D01|001|00100286|0010062|20|875|0194|20191024|20200124|7.25|500000000|0||0|500000000
D01|001|00100320|0010064|12|875|0194|20190727|20200127|7.50|7500000|0||0|7500000
D01|001|00100337|0010065|12|875|0194|20190727|20200127|5.50|7500000|0||0|7500000
D01|001|00100334|0010090|20|875|0194|20191115|20191215|4.75|7000000|0||0|7000000
D01|001|00100316|0010129|20|875|0194|20191002|20200402|6.75|100000000|0||0|100000000
D01|001|00100259|0010155|20|875|0194|20191101|20200501|5.25|3000000|0||0|3000000
D01|001|00100274|0010160|20|875|0117|20191106|20200506|7.50|50000000|0||0|50000000
D01|001|00100410|0010179|20|875|0194|20191114|20201114|5.75|7500000|0||0|7500000
D01|001|00100528|0010205|20|875|0194|20190703|20200103|7.00|25000000|0||0|25000000
D01|001|00100274|0010283|20|875|0117|20190926|20200326|7.75|100000000|0||0|100000000
D01|001|00100330|0010436|20|875|0194|20191113|20191213|4.75|6000000|0||0|6000000
D01|001|00100331|0010437|20|875|0194|20191113|20191213|4.75|6000000|0||0|6000000
D01|001|00100324|0010438|20|875|0194|20191113|20191213|4.75|6000000|0||0|6000000
D01|001|00100528|0010557|20|875|0194|20191017|20200417|6.75|50000000|0||0|50000000
D01|001|00100528|0010607|20|875|0194|20190703|20200103|7.00|25000000|0||0|25000000
D01|001|00101525|0010781|20|875|0194|20191113|20191213|4.75|7000000|0||0|7000000
D01|001|00101540|0010796|20|875|0194|20190701|20200101|7.50|360000000|0||0|360000000
D01|001|00100528|0010830|20|875|0194|20191017|20200117|6.25|75000000|0||0|75000000
D01|001|00100274|0010904|20|875|0117|20190908|20200308|7.75|100000000|0||0|100000000
D01|001|00101644|0010931|20|875|0194|20191109|20191209|4.75|5000000|0||0|5000000
D01|001|00101838|0011125|20|875|0194|20190114|20200114|6.00|7500000|0||0|7500000
D01|001|00100274|0011146|20|875|0117|20190719|20200119|8.00|100000000|0||0|100000000
D01|001|00104068|0011148|20|875|0194|20191119|20191219|7.00|200000000|0||0|200000000
D01|001|00101599|0011400|20|875|0194|20191124|20191224|7.00|50000000|0||0|50000000
D01|001|00101817|0011481|20|875|0194|20191128|20191228|4.75|7500000|0||0|7500000
D01|001|00102138|0011543|20|875|0194|20190924|20191224|5.75|1000000|0||0|1000000
D01|001|00102147|0011560|20|875|0194|20191128|20191228|4.75|3000000|0||0|3000000
D01|001|00102080|0011622|20|875|0194|20190730|20200130|5.50|7500000|0||0|7500000
D01|001|00100316|0011669|20|875|0194|20191118|20200218|6.25|75000000|0||0|75000000
D01|001|00100696|0011790|12|875|0194|20190917|20200317|6.25|50000000|0||0|50000000
D01|001|00102295|0011815|20|875|0194|20191102|20191202|4.75|7500000|0||0|7500000
D01|001|00102344|0011865|20|875|0194|20191026|20200126|6.25|100000000|0||0|100000000
D01|001|00102404|0011925|20|875|0116|20190901|20191201|4.75|4000000|0||0|4000000
D01|001|00102427|0011943|20|875|0194|20190908|20191208|4.75|7000000|0||0|7000000
D01|001|00102147|0011985|20|875|0194|20181230|20191230|6.00|2000000|0||0|2000000
D01|001|00100274|0012123|20|875|0117|20190222|20200222|8.50|50000000|0||0|50000000
D01|001|00102344|0012201|20|875|0194|20190925|20191225|6.25|100000000|0||0|100000000
D01|001|00102269|0012269|20|875|0194|20191122|20191222|5.75|37417210|0||0|37417210
D01|001|00102362|0012293|20|875|0194|20191103|20191203|7.00|100000000|0||0|100000000
D01|001|00102875|0012365|20|875|0194|20191127|20200527|5.25|5000000|0||0|5000000
D01|001|00100528|0012376|20|875|0194|20191102|20191202|6.25|50000000|0||0|50000000
D01|001|00100316|0012396|20|875|0194|20191107|20191207|6.25|12500000|0||0|12500000
D01|001|00100895|0012410|20|875|0194|20191110|20191210|6.25|100000000|0||0|100000000
D01|001|00102344|0012417|20|875|0194|20191115|20191215|6.25|50000000|0||0|50000000
D01|001|00102944|0012433|20|875|0194|20191121|20191221|5.75|7500000|0||0|7500000
D01|001|00100894|0012774|20|875|0194|20191114|20191214|6.25|100000000|0||0|100000000
D01|001|00102344|0012803|20|875|0194|20191022|20200422|6.75|150000000|0||0|150000000
D01|001|00101692|0012960|20|875|0194|20190916|20191216|6.25|50000000|0||0|50000000
D01|001|00102184|0013171|20|875|0116|20190910|20200310|7.50|15000000|0||0|15000000
D01|001|00102403|0013214|20|875|0194|20190928|20200328|7.50|200000000|0||0|200000000
D01|001|00102757|0013240|20|875|0194|20191008|20200408|7.75|200000000|0||0|200000000
D01|001|00103777|0013293|20|875|0194|20191025|20200125|5.75|5000000|0||0|5000000
D01|001|00103907|0013359|20|875|0194|20191112|20200212|4.75|7500000|0||0|7500000
D01|001|00102403|0013400|20|875|0194|20191130|20200530|7.25|200000000|0||0|200000000
D01|001|00102428|0013434|20|875|0118|20190913|20191213|4.75|7000000|0||0|7000000
D01|001|00103664|0013458|20|875|0194|20191122|20191222|7.00|150000000|0||0|150000000
D01|001|00101692|0013494|20|875|0194|20191104|20191204|6.25|50000000|0||0|50000000
D01|001|00100286|0013566|20|875|0194|20191126|20191226|6.75|500000000|0||0|500000000
D01|001|00100316|0013591|20|875|0194|20190804|20200204|6.75|65000000|0||0|65000000
D01|001|00100274|0013599|20|875|0117|20190808|20200808|8.25|240000000|0||0|240000000
D01|001|00102519|0013729|20|875|0194|20190923|20200323|7.75|100000000|0||0|100000000
D01|001|00103518|0013730|20|875|0194|20190926|20200326|6.25|50000000|0||0|50000000
D01|001|00102519|0013731|20|875|0194|20190926|20200326|7.75|100000000|0||0|100000000
D01|001|00103968|0013757|20|875|0194|20191005|20200405|6.25|50000000|0||0|50000000
D01|001|00103518|0013787|20|875|0194|20191013|20200413|6.25|50000000|0||0|50000000
D01|001|00101692|0013835|20|875|0194|20191127|20191227|6.25|45000000|0||0|45000000
D01|001|00102676|0013861|20|875|0194|20191107|20191207|5.75|100000000|0||0|100000000
D01|001|00100274|0013942|20|875|0117|20181212|20191212|8.50|260000000|0||0|260000000
D01|001|00100264|0014016|20|875|0116|20190712|20200112|7.00|10000000|0||0|10000000
D01|001|00101262|0014031|20|875|0194|20191118|20191218|6.25|10000000|0||0|10000000
D01|001|00104610|0014119|20|875|0194|20191117|20191217|5.75|10000000|0||0|10000000
D01|001|00102519|0014167|20|875|0194|20190914|20200314|7.75|100000000|0||0|100000000
D01|001|00102519|0014168|20|875|0194|20190914|20200314|7.75|100000000|0||0|100000000
D01|001|00103467|0014181|20|875|0194|20190916|20200316|7.75|500000000|0||0|500000000
D01|001|00102757|0014204|20|875|0194|20191002|20200402|7.75|300000000|0||0|300000000
D01|001|00102397|0014208|20|875|0194|20191003|20200103|5.75|25000000|0||0|25000000
D01|001|00104485|0014311|20|875|0194|20191110|20191210|6.75|150000000|0||0|150000000
D01|001|00102344|0014355|20|875|0194|20191101|20191201|6.25|100000000|0||0|100000000
D01|001|00102138|0014471|20|875|0194|20191116|20191216|5.75|3000000|0||0|3000000
D01|001|00104889|0014501|20|875|0194|20191127|20191227|6.25|111061089|0||0|111061089
D01|001|00104485|0014541|20|875|0194|20191107|20191207|6.75|100000000|0||0|100000000
D01|001|00102590|0014546|20|875|0194|20191107|20191207|4.75|7500000|0||0|7500000
D01|001|00103467|0014555|20|875|0194|20190809|20200809|8.25|1000000000|0||0|1000000000
D01|001|00103467|0014578|20|875|0194|20190816|20200816|8.25|500000000|0||0|500000000
D01|001|00102955|0014975|20|875|0194|20190905|20200905|9.00|100000000|0||0|100000000
D01|001|00102359|0015126|20|875|0194|20191112|20191212|5.75|75189227|0||0|75189227
D01|001|00102893|0015132|20|875|0116|20191015|20201015|6.50|20000000|0||0|20000000
D01|001|00102138|0015186|20|875|0194|20191125|20191225|5.75|12000000|0||0|12000000
D01|001|00104485|0015232|20|875|0194|20191114|20191214|6.75|150000000|0||0|150000000
D01|001|00100328|0015309|20|875|0194|20181212|20191212|6.00|7000000|0||0|7000000
D01|001|00100327|0015337|20|875|0194|20191120|20191220|6.75|200000000|0||0|200000000
D01|001|00105268|0015345|20|875|0194|20191128|20200228|5.75|10000000|0||0|10000000
D01|001|00103467|0015402|20|875|0194|20191011|20200111|7.25|1000000000|0||0|1000000000
D01|001|00105058|0015437|20|875|0116|20190721|20200121|8.00|5000000|0||0|5000000
D01|001|00104485|0015452|20|875|0194|20191101|20191201|6.75|100000000|0||0|100000000
D01|001|00105196|0015470|20|875|0194|20191128|20191228|5.75|20000000|0||0|20000000
D01|001|00105162|0015492|20|875|0194|20191108|20191208|6.25|223873463|0||0|223873463
D01|001|00105162|0015493|20|875|0194|20191108|20191208|6.25|29849795|0||0|29849795
D01|001|00105229|0015499|20|875|0194|20191108|20191208|4.75|1439115|0||0|1439115
D01|001|00102926|0015517|20|875|0194|20191115|20200215|5.75|50000000|0||0|50000000
D01|001|00105058|0015571|20|875|0116|20190911|20200311|7.75|10000000|0||0|10000000
D01|001|00102519|0015573|20|875|0194|20190911|20200311|7.75|12120000|0||0|12120000
D01|001|00104674|0015578|20|875|0194|20190314|20200314|7.25|85000000|0||0|85000000
D01|001|00101599|0015602|20|875|0194|20190922|20200322|7.75|30000000|0||0|30000000
D01|001|00102757|0015608|20|875|0194|20191127|20191227|7.00|156203989|0||0|156203989
D01|001|00103112|0015616|20|875|0194|20191128|20191228|7.00|350000000|0||0|350000000
D01|001|00103112|0015626|20|875|0194|20191102|20191202|7.00|350000000|0||0|350000000
D01|001|00102519|0015642|20|875|0194|20191008|20200408|7.75|85000000|0||0|85000000
D01|001|00104166|0015657|20|875|0194|20191012|20200412|6.75|50000000|0||0|50000000
D01|001|00102519|0015694|20|875|0194|20191024|20200424|7.75|24000000|0||0|24000000
D01|001|00105436|0015770|20|875|0194|20191104|20191204|5.75|20000000|0||0|20000000
D01|001|00102283|0015777|20|875|0194|20191110|20191210|5.75|10000000|0||0|10000000
D01|001|00103997|0015783|20|875|0194|20190613|20191213|5.50|7000000|0||0|7000000
D01|001|00100264|0015788|20|875|0116|20190617|20191217|7.00|30000000|0||0|30000000
D01|001|00104002|0015795|20|875|0194|20190618|20191218|5.50|7500000|0||0|7500000
D01|001|00103681|0015796|20|875|0194|20191119|20191219|6.25|150000000|0||0|150000000
D01|001|00100274|0015819|20|875|0117|20190701|20200101|8.00|500000000|0||0|500000000
D01|001|00105487|0015820|20|875|0194|20190702|20200102|5.50|7500000|0||0|7500000
D01|001|00102589|0015834|20|875|0194|20190710|20200110|5.50|7500000|0||0|7500000
D01|001|00105229|0015842|20|875|0194|20191012|20200112|4.75|5000000|0||0|5000000
D01|001|00103112|0016024|20|875|0194|20191129|20191229|7.00|150000000|0||0|150000000
D01|001|00103467|0016040|20|875|0194|20191102|20191202|7.00|500000000|0||0|500000000
D01|001|00102138|0016211|20|875|0194|20190604|20191204|6.50|2500000|0||0|2500000
D01|001|00102487|0016240|20|875|0194|20191112|20191212|4.75|7000000|0||0|7000000
D01|001|00105131|0016246|20|875|0194|20191116|20191216|5.75|10784056|0||0|10784056
D01|001|00101262|0016288|20|875|0194|20191103|20191203|6.25|11207853|0||0|11207853
D01|001|00104976|0016324|20|875|0194|20190916|20200316|6.25|25000000|0||0|25000000
D01|001|00102027|0016340|20|875|0194|20191119|20191219|6.25|200000000|0||0|200000000
D01|001|00105625|0016347|20|875|0194|20190920|20200920|6.50|10000000|0||0|10000000
D01|001|00104946|0016348|20|875|0194|20191120|20191220|5.75|100000000|0||0|100000000
D01|001|00100327|0016367|20|875|0194|20191127|20191227|6.75|250000000|0||0|250000000
D01|001|00103467|0016379|20|875|0194|20191103|20191203|7.00|200000000|0||0|200000000
D01|001|00103467|0016380|20|875|0194|20191103|20191203|7.00|500000000|0||0|500000000
D01|001|00103165|0016388|20|875|0194|20191107|20191207|6.75|100000000|0||0|100000000
D01|001|00104166|0016406|20|875|0194|20191010|20200410|6.75|40000000|0||0|40000000
D01|001|00100264|0016426|20|875|0116|20191017|20200417|6.25|10000000|0||0|10000000
D01|001|00102926|0016433|20|875|0194|20191018|20200418|6.25|50000000|0||0|50000000
D01|001|00105436|0016444|20|875|0194|20191122|20191222|5.75|20000000|0||0|20000000
D01|001|00103904|0016457|20|875|0194|20191128|20191228|4.75|6916766|0||0|6916766
D01|001|00100327|0016459|20|875|0194|20191128|20191228|6.75|150000000|0||0|150000000
D01|001|00100327|0016470|20|875|0194|20191101|20191201|6.75|160000000|0||0|160000000
D01|001|00101599|0016497|20|875|0194|20191113|20191213|7.00|198876051|0||0|198876051
D01|001|00104068|0016510|20|875|0194|20191118|20191218|7.00|200000000|0||0|200000000
D01|001|00102683|0016524|20|875|0194|20191120|20200520|6.25|20000000|0||0|20000000
D01|001|00102519|0016834|20|875|0194|20190703|20200103|8.00|200000000|0||0|200000000
D01|001|00105109|0016857|20|875|0194|20190709|20200109|7.00|200000000|0||0|200000000
D01|001|00101185|0016876|20|875|0194|20191115|20191215|6.75|15000000|0||0|15000000
D01|001|00103664|0016892|20|875|0194|20191120|20191220|7.00|400000000|0||0|400000000
D01|001|00100327|0016898|20|875|0194|20191122|20191222|6.75|100000000|0||0|100000000
D01|001|00105789|0016903|20|875|0116|20191124|20191224|7.00|30000000|0||0|30000000
D01|001|00102944|0016945|20|875|0194|20191105|20191205|5.75|14000000|0||0|14000000
D01|001|00103783|0016964|20|875|0194|20191110|20191210|5.75|25000000|0||0|25000000
D01|001|00103783|0016965|20|875|0194|20191110|20191210|5.75|25000000|0||0|25000000
D01|001|00105162|0016977|20|875|0194|20191111|20191211|6.25|50000000|0||0|50000000
D01|001|00105789|0017044|20|875|0116|20191128|20191228|7.00|32000000|0||0|32000000
D01|001|00101262|0017069|20|875|0194|20191111|20191211|6.25|20000000|0||0|20000000
D01|001|00105196|0017102|20|875|0194|20191120|20191220|5.75|26708837|0||0|26708837
D01|001|00103968|0017123|20|875|0194|20191003|20200403|6.25|15000000|0||0|15000000
D01|001|00105789|0017126|20|875|0116|20191107|20191207|7.00|31000000|0||0|31000000
D01|001|00105789|0017186|20|875|0116|20191102|20191202|7.00|140000000|0||0|140000000
D01|001|00101872|0017213|20|875|0194|20191114|20191214|5.75|19151969|0||0|19151969
D01|001|00105789|0017267|20|875|0116|20191117|20191217|7.00|36000000|0||0|36000000
D01|001|00101599|0017290|20|875|0194|20191127|20191227|7.00|100000000|0||0|100000000
D01|001|00103112|0017293|20|875|0194|20191101|20191201|7.00|300000000|0||0|300000000
D01|001|00105789|0017295|20|875|0116|20191102|20191202|7.00|31000000|0||0|31000000
D01|001|00102184|0017297|20|875|0116|20190707|20200707|8.00|300000000|0||0|300000000
D01|001|00105301|0017304|20|875|0194|20190711|20200111|7.00|50000000|0||0|50000000
D01|001|00101614|0017338|20|875|0194|20190804|20200204|6.75|45000000|0||0|45000000
D01|001|00104024|0017359|20|875|0194|20191112|20191212|5.75|20000000|0||0|20000000
D01|001|00101599|0017370|20|875|0194|20191114|20191214|7.00|348225989|0||0|348225989
D01|001|00103425|0017396|20|875|0194|20191127|20191227|6.75|690226476|0||0|690226476
D01|001|00105789|0017398|20|875|0116|20191127|20191227|7.00|36000000|0||0|36000000
D01|001|00102757|0017407|20|875|0194|20191103|20191203|7.00|700634345|0||0|700634345
D01|001|00102757|0017408|20|875|0194|20191103|20191203|7.00|210190304|0||0|210190304
D01|001|00101185|0017476|20|875|0194|20191109|20191209|6.75|68036670|0||0|68036670
D01|001|00105789|0017478|20|875|0116|20191111|20191211|7.00|202000000|0||0|202000000
D01|001|00103664|0017489|20|875|0194|20191116|20191216|7.00|245000000|0||0|245000000
D01|001|00100883|0017498|20|875|0194|20191122|20191222|5.75|15000000|0||0|15000000
D01|001|00103165|0017509|20|875|0194|20191125|20191225|6.75|100000000|0||0|100000000
D01|001|00105789|0017510|20|875|0116|20191125|20191225|7.00|135000000|0||0|135000000
D01|001|00102519|0017519|20|875|0194|20190930|20200330|7.75|125000000|0||0|125000000
D01|001|00101871|0017568|20|875|0194|20191122|20191222|6.25|66544042|0||0|66544042
D01|001|00101871|0017569|20|875|0194|20191122|20191222|6.25|66544042|0||0|66544042
D01|001|00102519|0017572|20|875|0194|20191023|20200423|7.75|50000000|0||0|50000000
D01|001|00105024|0017582|20|875|0194|20191027|20200127|6.75|230000000|0||0|230000000
D01|001|00103467|0017597|20|875|0194|20191106|20191206|7.00|1000000000|0||0|1000000000
D01|001|00103467|0017598|20|875|0194|20191106|20191206|7.00|1000000000|0||0|1000000000
D01|001|00103165|0017606|20|875|0194|20191112|20191212|6.75|100000000|0||0|100000000
D01|001|00105789|0017640|20|875|0116|20191102|20191202|7.00|32000000|0||0|32000000
D01|001|00103777|0017658|20|875|0194|20190609|20191209|6.50|5000000|0||0|5000000
D01|001|00101484|0017665|20|875|0194|20191115|20191215|6.75|100000000|0||0|100000000
D01|001|00104485|0017699|20|875|0194|20191107|20191207|6.75|100000000|0||0|100000000
D01|001|00102184|0017704|20|875|0116|20191109|20191209|6.75|200000000|0||0|200000000
D01|001|00105196|0017746|20|875|0194|20191130|20191230|5.75|31613876|0||0|31613876
D01|001|00102189|0017816|20|875|0194|20191106|20200206|5.75|15000000|0||0|15000000
D01|001|00102519|0017837|20|875|0194|20190818|20200218|7.75|300000000|0||0|300000000
D01|001|00105789|0017853|20|875|0116|20191126|20191226|7.00|80000000|0||0|80000000
D01|001|00105789|0017885|20|875|0116|20191118|20191218|7.00|60000000|0||0|60000000
D01|001|00102519|0017888|20|875|0194|20190919|20200319|7.75|12815000|0||0|12815000
D01|001|00103664|0017894|20|875|0194|20191124|20191224|7.00|300000000|0||0|300000000
D01|001|00100274|0017914|20|875|0117|20191006|20200106|7.25|150000000|0||0|150000000
D01|001|00200811|0017961|20|875|0194|20191116|20191216|4.75|1500000|0||0|1500000
D01|001|00105058|0017999|20|875|0116|20191106|20200506|7.50|10000000|0||0|10000000
D01|001|00103467|0018003|20|875|0194|20191107|20191207|7.00|1000000000|0||0|1000000000
D01|001|00103467|0018004|20|875|0194|20191107|20191207|7.00|1000000000|0||0|1000000000
D01|001|00106564|0018034|20|875|0194|20191125|20200525|6.25|24000000|0||0|24000000
D01|001|00101635|0018039|20|875|0194|20191127|20191227|5.75|12379156|0||0|12379156
D01|001|00106672|0018121|20|875|0194|20191103|20191203|6.25|62561684|0||0|62561684
D01|001|00106672|0018122|20|875|0194|20191103|20191203|6.25|50049347|0||0|50049347
D01|001|00105789|0018138|20|875|0116|20191112|20191212|7.00|31000000|0||0|31000000
D01|001|00105436|0018150|20|875|0194|20191122|20191222|5.75|20000000|0||0|20000000
D01|001|00101599|0018172|20|875|0194|20191108|20191208|7.00|12952807|0||0|12952807
D01|001|00106830|0018174|20|875|0194|20191109|20191209|5.75|26142442|0||0|26142442
D01|001|00102851|0018198|20|875|0194|20191124|20191224|6.25|150760718|0||0|150760718
D01|001|00102519|0018242|20|875|0194|20190818|20200218|7.75|100000000|0||0|100000000
D01|001|00101185|0018247|20|875|0194|20191118|20191218|6.75|126544040|0||0|126544040
D01|001|00105789|0018251|20|875|0116|20191119|20191219|7.00|42000000|0||0|42000000
D01|001|00103968|0018277|20|875|0194|20190903|20200303|6.25|20925000|0||0|20925000
D01|001|00103380|0018286|20|875|0194|20191111|20191211|6.75|500000000|0||0|500000000
D01|001|00102519|0018297|20|875|0194|20190916|20200316|7.75|39850000|0||0|39850000
D01|001|00105789|0018311|20|875|0116|20191128|20191228|7.00|35000000|0||0|35000000
D01|001|00102011|0018326|20|875|0194|20191105|20191205|6.25|86710251|0||0|86710251
D01|001|00101692|0018335|20|875|0194|20191108|20191208|6.25|100000000|0||0|100000000
D01|001|00105789|0018342|20|875|0116|20191112|20191212|7.00|39000000|0||0|39000000
D01|001|00101832|0018347|20|875|0194|20191015|20200415|5.25|7000000|0||0|7000000
D01|001|00105789|0018364|20|875|0116|20191128|20191228|7.00|73000000|0||0|73000000
D01|001|00105789|0018413|20|875|0116|20191110|20191210|7.00|55000000|0||0|55000000
D01|001|00106564|0018432|20|875|0194|20191123|20191223|5.75|8000000|0||0|8000000
D01|001|00102519|0018436|20|875|0194|20190629|20191229|8.00|36000000|0||0|36000000
D01|001|00101527|0018461|20|875|0116|20191118|20191218|7.00|200000000|0||0|200000000
D01|001|00101527|0018468|20|875|0116|20191121|20191221|7.00|150000000|0||0|150000000
D01|001|00100628|0018498|20|875|0194|20190217|20200217|6.75|20000000|0||0|20000000
D01|001|00105088|0018506|20|875|0194|20191123|20191223|5.75|100000000|0||0|100000000
D01|001|00105514|0018520|20|875|0194|20191102|20191202|5.75|15000000|0||0|15000000
D01|001|00104976|0018531|20|875|0194|20190907|20200307|6.25|50000000|0||0|50000000
D01|001|00106373|0018534|20|875|0116|20190307|20200307|7.25|50000000|0||0|50000000
D01|001|00101927|0018536|20|875|0194|20190908|20200308|6.75|50000000|0||0|50000000
D01|001|00105789|0018704|20|875|0116|20191122|20191222|7.00|53000000|0||0|53000000
D01|001|00101599|0018729|20|875|0194|20191118|20191218|7.00|51830859|0||0|51830859
D01|001|00101951|0018743|20|875|0194|20191128|20191228|6.25|100591210|0||0|100591210
D01|001|00105789|0018747|20|875|0116|20191102|20191202|7.00|204000000|0||0|204000000
D01|001|00107838|0018755|20|875|0194|20191110|20191210|6.25|119757904|0||0|119757904
D01|001|00101368|0018763|20|875|0194|20191111|20191211|6.75|50000000|0||0|50000000
D01|001|00105024|0018770|20|875|0194|20191116|20200216|6.75|400000000|0||0|400000000
D01|001|00103425|0018772|20|875|0194|20191117|20200517|7.25|100000000|0||0|100000000
D01|001|00103664|0018777|20|875|0194|20191123|20191223|7.00|100000000|0||0|100000000
D01|001|00105789|0018795|20|875|0116|20191117|20191217|7.00|29000000|0||0|29000000
D01|001|00103800|0018798|20|875|0194|20191122|20191222|6.25|119174731|0||0|119174731
D01|001|00103664|0018815|20|875|0194|20191120|20191220|7.00|135000000|0||0|135000000
D01|001|00100304|0018818|20|875|0194|20190722|20200722|8.75|30000000|0||0|30000000
D01|001|00105789|0018838|20|875|0116|20191109|20191209|7.00|41000000|0||0|41000000
D01|001|00106564|0018901|20|875|0194|20191119|20191219|5.75|10000000|0||0|10000000
D01|001|00103664|0018910|20|875|0194|20191125|20191225|7.00|300000000|0||0|300000000
D01|001|00100327|0018912|20|875|0194|20191129|20191229|6.75|100000000|0||0|100000000
D01|001|00104916|0018914|20|875|0194|20191130|20191230|6.75|100000000|0||0|100000000
D01|001|00105789|0018947|20|875|0116|20191130|20191230|7.00|34000000|0||0|34000000
D01|001|00103035|0018954|20|875|0194|20191107|20191207|6.25|300000000|0||0|300000000
D01|001|00101368|0018958|20|875|0194|20191111|20191211|6.75|200000000|0||0|200000000
D01|001|00103664|0019004|20|875|0194|20191108|20191208|7.00|300000000|0||0|300000000
D01|001|00105789|0019007|20|875|0116|20191109|20191209|7.00|43000000|0||0|43000000
D01|001|00103165|0019015|20|875|0194|20191118|20191218|6.75|100000000|0||0|100000000
D01|001|00108164|0019017|20|875|0392|20191124|20201124|8.25|2000000000|0||0|2000000000
D01|001|00108177|0019024|20|875|0194|20190901|20191201|5.75|40000000|0||0|40000000
D01|001|00108164|0019025|20|875|0392|20181202|20191202|8.75|3000000000|0||0|3000000000
D01|001|00105625|0019032|20|875|0194|20181208|20191208|6.75|40000000|0||0|40000000
D01|001|00101692|0019044|20|875|0194|20191122|20191222|6.25|100000000|0||0|100000000
D01|001|00101484|0019050|20|875|0194|20191129|20191229|7.00|100000000|0||0|100000000
D01|001|00101484|0019251|20|875|0194|20191129|20191229|7.00|100000000|0||0|100000000
D01|001|00102757|0019260|20|875|0194|20191109|20191209|7.00|296774298|0||0|296774298
D01|001|00105789|0019261|20|875|0116|20191110|20191210|7.00|50000000|0||0|50000000
D01|001|00103270|0019267|20|875|0194|20191116|20191216|6.25|40000000|0||0|40000000
D01|001|00103664|0019268|20|875|0194|20191116|20191216|7.00|115000000|0||0|115000000
D01|001|00102519|0019278|20|875|0194|20190123|20200123|8.50|23700000|0||0|23700000
D01|001|00101185|0019279|20|875|0194|20191123|20191223|6.75|15058701|0||0|15058701
D01|001|00101484|0019282|20|875|0194|20191124|20191224|7.00|100000000|0||0|100000000
D01|001|00101635|0019288|20|875|0194|20191101|20191201|5.75|22651093|0||0|22651093
D01|001|00107866|0019290|20|875|0591|20191101|20191201|6.75|115401088|0||0|115401088
D01|001|00103664|0019313|20|875|0194|20191123|20191223|7.00|150000000|0||0|150000000
D01|001|00105789|0019315|20|875|0116|20191123|20191223|7.00|35000000|0||0|35000000
D01|001|00102469|0019321|20|875|0194|20191101|20191201|7.00|350669620|0||0|350669620
D01|001|00102469|0019322|20|875|0194|20191101|20191201|7.00|233779747|0||0|233779747
D01|001|00101368|0019328|20|875|0194|20191103|20191203|6.75|100000000|0||0|100000000
D01|001|00105151|0019339|20|875|0194|20191110|20191210|7.00|400000000|0||0|400000000
D01|001|00101833|0019356|20|875|0194|20191127|20191227|7.00|300000000|0||0|300000000
D01|001|00103597|0019357|20|875|0194|20191129|20191229|6.25|3400000|0||0|3400000
D01|001|00102011|0019369|20|875|0194|20191105|20191205|6.25|57037835|0||0|57037835
D01|001|00107294|0019374|20|875|0194|20191110|20191210|6.25|15000000|0||0|15000000
D01|001|00101262|0019380|20|875|0194|20191112|20191212|6.25|50000000|0||0|50000000
D01|001|00105301|0019396|20|875|0194|20191025|20200425|6.75|25000000|0||0|25000000
D01|001|00105254|0019397|20|875|0194|20191125|20191225|5.75|45000000|0||0|45000000
D01|001|00100339|0019402|20|875|0194|20191128|20191228|7.00|128481254|0||0|128481254
D01|001|00103994|0019411|20|875|0194|20191108|20191208|5.75|10000000|0||0|10000000
D01|001|00107294|0019413|20|875|0194|20191108|20191208|6.25|17024312|0||0|17024312
D01|001|00101117|0019418|20|875|0194|20191112|20191212|6.75|511937183|0||0|511937183
D01|001|00100320|0019419|12|875|0194|20191115|20191215|6.75|445600138|0||0|445600138
D01|001|00100339|0019423|20|875|0194|20191116|20191216|7.00|464835806|0||0|464835806
D01|001|00103664|0019424|20|875|0194|20191116|20191216|7.00|250000000|0||0|250000000
D01|001|00108164|0019428|20|875|0392|20190519|20200519|9.00|6000000000|0||0|6000000000
D01|001|00101599|0019429|20|875|0194|20191119|20191219|7.00|56942386|0||0|56942386
D01|001|00100339|0019430|20|875|0194|20191122|20191222|7.00|1162089516|0||0|1162089516
D01|001|00102184|0019439|20|875|0116|20191130|20191230|6.75|200000000|0||0|200000000
D01|001|00105412|0019450|20|875|0194|20191112|20191212|4.75|5000000|0||0|5000000
D01|001|00103777|0019454|20|875|0194|20190613|20191213|6.50|10000000|0||0|10000000
D01|001|00105789|0019459|20|875|0116|20191114|20191214|7.00|30000000|0||0|30000000
D01|001|00103597|0019469|20|875|0194|20191103|20191203|6.25|3500000|0||0|3500000
D01|001|00108585|0019479|20|875|0194|20191107|20191207|6.75|100000000|0||0|100000000
D01|001|00108585|0019480|20|875|0194|20191107|20191207|6.75|300000000|0||0|300000000
D01|001|00108585|0019481|20|875|0194|20191107|20191207|6.75|300000000|0||0|300000000
D01|001|00103616|0019504|20|875|0194|20190727|20200727|8.25|132000000|0||0|132000000
D01|001|00103570|0019506|20|875|0194|20191127|20191227|6.25|15000000|0||0|15000000
D01|001|00101951|0019508|20|875|0194|20191128|20191228|6.25|22597330|0||0|22597330
D01|001|00201331|0019513|20|875|0116|20191104|20191204|6.25|150000000|0||0|150000000
D01|001|00108677|0019517|20|875|0116|20191104|20191204|5.75|11057801|0||0|11057801
D01|001|00101368|0019526|20|875|0194|20191110|20191210|6.75|50000000|0||0|50000000
D01|001|00108164|0019536|20|875|0392|20190821|20200821|8.75|1200000000|0||0|1200000000
D01|001|00102403|0019538|20|875|0194|20190822|20200222|7.50|100000000|0||0|100000000
D01|001|00101262|0019545|20|875|0194|20191125|20191225|6.25|30000000|0||0|30000000
D01|001|00105147|0019561|20|875|0194|20190905|20200905|6.50|13000000|0||0|13000000
D01|001|00103597|0019562|20|875|0194|20191105|20191205|6.25|2500000|0||0|2500000
D01|001|00100771|0019581|20|875|0194|20191114|20191214|7.00|1000000000|0||0|1000000000
D01|001|00105789|0019587|20|875|0116|20191119|20191219|7.00|85000000|0||0|85000000
D01|001|00104615|0019588|20|875|0194|20190920|20191220|6.25|175000000|0||0|175000000
D01|001|00104615|0019592|20|875|0194|20190922|20191222|6.25|25000000|0||0|25000000
D01|001|00103467|0019601|20|875|0194|20190922|20191222|7.25|300000000|0||0|300000000
D01|001|00108765|0019604|20|875|0194|20191126|20191226|6.25|100000000|0||0|100000000
D01|001|00101881|0019608|20|875|0194|20190928|20200928|7.00|100000000|0||0|100000000
D01|001|00102601|0019623|20|875|0194|20191005|20201005|6.50|35000000|0||0|35000000
D01|001|00103597|0019624|20|875|0194|20191106|20191206|6.25|2300000|0||0|2300000
D01|001|00103380|0019633|20|875|0194|20191112|20191212|6.75|150000000|0||0|150000000
D01|001|00103664|0019635|20|875|0194|20191113|20191213|7.00|150000000|0||0|150000000
D01|001|00102362|0019639|20|875|0194|20191116|20191216|7.00|339763458|0||0|339763458
D01|001|00102362|0019640|20|875|0194|20191116|20191216|7.00|226508972|0||0|226508972
D01|001|00201331|0019643|20|875|0116|20191118|20191218|6.25|100000000|0||0|100000000
D01|001|00102362|0019650|20|875|0194|20191123|20191223|7.00|200000000|0||0|200000000
D01|001|00102362|0019651|20|875|0194|20191123|20191223|7.00|200000000|0||0|200000000
D01|001|00104882|0019659|20|875|0194|20191127|20191227|6.75|600000000|0||0|600000000
D01|001|00103597|0019666|20|875|0194|20191106|20191206|6.25|6000000|0||0|6000000
D01|001|00103597|0019670|20|875|0194|20191108|20191208|6.25|51000000|0||0|51000000
D01|001|00103664|0019672|20|875|0194|20191108|20200208|7.00|155000000|0||0|155000000
D01|001|00104039|0019675|20|875|0194|20191113|20191213|7.00|200000000|0||0|200000000
D01|001|00103664|0019678|20|875|0194|20191114|20200214|7.00|230000000|0||0|230000000
D01|001|00104039|0019681|20|875|0194|20191116|20191216|7.00|200000000|0||0|200000000
D01|001|00104039|0019689|20|875|0194|20191129|20191229|7.00|300000000|0||0|300000000
D01|001|00102796|0019691|20|875|0194|20191129|20200229|5.75|20000000|0||0|20000000
D01|001|00104039|0019695|20|875|0194|20191104|20191204|7.00|200000000|0||0|200000000
D01|001|00103597|0019696|20|875|0194|20191104|20191204|6.25|2000000|0||0|2000000
D01|001|00102189|0019700|20|875|0194|20190906|20191206|5.75|5000000|0||0|5000000
D01|001|00105789|0019708|20|875|0116|20191111|20191211|7.00|42000000|0||0|42000000
D01|001|00108932|0019710|20|875|0394|20191112|20191212|6.75|700000000|0||0|700000000
D01|001|00107294|0019713|20|875|0194|20191113|20191213|6.25|90000000|0||0|90000000
D01|001|00101467|0019725|20|875|0116|20191121|20191221|6.25|110079090|0||0|110079090
D01|001|00102519|0019734|20|875|0194|20190629|20191229|8.00|100000000|0||0|100000000
D01|001|00107866|0019749|20|875|0591|20191109|20191209|6.75|35175041|0||0|35175041
D01|001|00102519|0019750|20|875|0194|20190711|20200111|8.00|125000000|0||0|125000000
D01|001|00104039|0019760|20|875|0194|20191112|20191212|7.00|200000000|0||0|200000000
D01|001|00102519|0019767|20|875|0194|20190719|20200119|8.00|100000000|0||0|100000000
D01|001|00109017|0019769|20|875|0117|20190122|20200122|6.75|50000000|0||0|50000000
D01|001|00103319|0019780|20|875|0393|20191130|20191230|7.00|1000000000|0||0|1000000000
D01|001|00102469|0019787|20|875|0194|20191102|20191202|7.00|332747440|0||0|332747440
D01|001|00100290|0019788|20|875|0116|20191102|20191202|7.00|100000000|0||0|100000000
D01|001|00101599|0019794|20|875|0194|20191105|20191205|7.00|221646658|0||0|221646658
D01|001|00108765|0019798|20|875|0194|20191105|20191205|6.25|300000000|0||0|300000000
D01|001|00102189|0019800|20|875|0194|20191107|20200207|5.75|10000000|0||0|10000000
D01|001|00104068|0019801|20|875|0194|20191107|20191207|7.00|221867919|0||0|221867919
D01|001|00101872|0019804|20|875|0194|20191108|20191208|5.75|32424890|0||0|32424890
D01|001|00103664|0019805|20|875|0194|20191108|20191208|7.00|120000000|0||0|120000000
D01|001|00103597|0019808|20|875|0194|20191108|20191208|6.25|4902807|0||0|4902807
D01|001|00100894|0019817|20|875|0194|20191114|20191214|6.25|1091132|0||0|1091132
D01|001|00103467|0019821|20|875|0194|20190815|20200215|7.75|2000000000|0||0|2000000000
D01|001|00109086|0019832|20|875|0194|20191122|20191222|6.25|436452715|0||0|436452715
D01|001|00103467|0019833|20|875|0194|20190822|20200222|7.75|4000000000|0||0|4000000000
D01|001|00104180|0019835|20|875|0194|20190223|20200223|8.50|350000000|0||0|350000000
D01|001|00101833|0019843|20|875|0194|20190827|20200227|7.75|1000000000|0||0|1000000000
D01|001|00109039|0019845|20|875|0116|20191128|20191228|6.25|101000000|0||0|101000000
D01|001|00104759|0019846|20|875|0194|20190228|20200228|8.50|18000000|0||0|18000000
D01|001|00108346|0019851|20|875|0194|20191102|20191202|6.25|101000000|0||0|101000000
D01|001|00108966|0019858|20|875|0116|20190305|20200305|6.75|10000000|0||0|10000000
D01|001|00103597|0019860|20|875|0194|20191105|20191205|6.25|2170652|0||0|2170652
D01|001|00106389|0019871|20|875|0194|20190313|20200313|7.25|101000000|0||0|101000000
D01|001|00100302|0019877|20|875|0194|20190915|20191215|6.75|40000000|0||0|40000000
D01|001|00102403|0019890|20|875|0194|20191127|20191227|6.75|10943888|0||0|10943888
D01|001|00104506|0019893|20|875|0194|20190929|20200329|6.75|150000000|0||0|150000000
D01|001|00105501|0019897|20|875|0194|20191102|20191202|5.75|26816988|0||0|26816988
D01|001|00109153|0019898|20|875|0194|20191002|20200402|6.25|22000000|0||0|22000000
D01|001|00105646|0019899|20|875|0194|20191002|20200402|7.00|200000000|0||0|200000000
D01|001|00103165|0019902|20|875|0194|20191003|20200403|7.50|110000000|0||0|110000000
D01|001|00109153|0019903|20|875|0194|20191003|20200403|6.25|30000000|0||0|30000000
D01|001|00103597|0019904|20|875|0194|20191104|20191204|6.25|14061470|0||0|14061470
D01|001|00102484|0019907|20|875|0194|20191109|20191209|5.75|50000000|0||0|50000000
D01|001|00100895|0019909|20|875|0194|20191109|20191209|6.25|1082715|0||0|1082715
D01|001|00101484|0019913|20|875|0194|20191111|20191211|6.75|200000000|0||0|200000000
D01|001|00103350|0019922|20|875|0116|20191118|20191218|6.75|544610018|0||0|544610018
D01|001|00103597|0019924|20|875|0194|20191119|20191219|6.25|8661719|0||0|8661719
D01|001|00104039|0019932|20|875|0194|20191130|20191230|7.00|200000000|0||0|200000000
D01|001|00108127|0019933|20|875|0194|20191130|20191230|7.00|100000000|0||0|100000000
D01|001|00101368|0019938|20|875|0194|20191104|20200504|7.25|50000000|0||0|50000000
D01|001|00102138|0019940|20|875|0194|20190507|20200507|6.75|5000000|0||0|5000000
D01|001|00104689|0019941|20|875|0194|20191107|20191207|6.25|350499535|0||0|350499535
D01|001|00100320|0019942|12|875|0194|20191107|20191207|6.75|115003611|0||0|115003611
D01|001|00103664|0019948|20|875|0194|20191114|20200514|7.50|600000000|0||0|600000000
D01|001|00104674|0019949|20|875|0194|20190514|20200514|7.25|85000000|0||0|85000000
D01|001|00108127|0019959|20|875|0194|20191121|20191221|7.00|200000000|0||0|200000000
D01|001|00107294|0019961|20|875|0194|20191125|20191225|6.25|75000000|0||0|75000000
D01|001|00104068|0019968|20|875|0194|20191106|20191206|7.00|217620712|0||0|217620712
D01|001|00104882|0019970|20|875|0194|20191120|20191220|6.75|200000000|0||0|200000000
D01|001|00108127|0019979|20|875|0194|20191102|20191202|7.00|200000000|0||0|200000000
D01|001|00105301|0019990|20|875|0194|20190709|20200709|7.25|38000000|0||0|38000000
D01|001|00101724|0019992|20|875|0194|20191111|20191211|6.75|200000000|0||0|200000000
D01|001|00103570|0019998|20|875|0194|20191016|20200116|6.25|55000000|0||0|55000000
D01|001|00108127|0019999|20|875|0194|20191118|20191218|7.00|155000000|0||0|155000000
D01|002|00200579|0026052|20|875|0116|20191007|20200107|4.50|7000000|0||0|7000000
D01|002|00105784|0028089|20|875|0116|20191124|20191224|5.00|15000000|0||0|15000000
D01|002|00202107|0028591|20|875|0116|20191109|20191209|5.00|40000000|0||0|40000000
D01|002|00201341|0028644|20|875|0116|20191127|20191227|6.00|150000000|0||0|150000000
D01|002|00200258|0028672|20|875|0116|20191121|20191221|6.00|80000000|0||0|80000000
D01|002|00201063|0028675|20|875|0116|20191104|20191204|5.00|50000000|0||0|50000000
D01|002|00200144|0029059|20|875|0116|20190212|20200212|8.25|355000000|0||0|355000000
D01|002|00200144|0029060|20|875|0116|20190212|20200212|8.25|650000000|0||0|650000000
D01|002|00203811|0029068|20|875|0116|20191112|20191212|5.00|15000000|0||0|15000000
D01|002|00203822|0029070|20|875|0116|20190416|20200416|7.75|501000000|0||0|501000000
D01|002|00202211|0029096|20|875|0116|20191123|20191223|5.00|15500000|0||0|15500000
D01|002|00201196|0029109|20|875|0116|20191127|20191227|5.00|15000000|0||0|15000000
D01|002|00202608|0029148|20|875|0116|20191117|20191217|5.00|10000000|0||0|10000000
D01|003|00300065|0030021|20|875|0118|20191015|20200115|5.75|10000000|0||0|10000000
D01|003|00300008|0030069|20|875|0118|20190814|20200214|7.75|100000000|0||0|100000000
D01|003|00300008|0030103|20|875|0118|20190803|20200203|7.75|100000000|0||0|100000000
D01|003|00300004|0034690|20|875|0118|20181226|20191226|6.00|7000000|0||0|7000000
D01|003|00300244|0035985|20|875|0118|20191125|20191225|6.75|80000000|0||0|80000000
D01|003|00200014|0035991|20|875|0116|20191119|20191219|5.75|9848850|0||0|9848850
D01|003|00300008|0036163|20|875|0118|20191003|20200103|7.00|100000000|0||0|100000000
D01|003|00300011|0036174|20|875|0118|20191123|20191223|7.00|700000000|0||0|700000000
D01|003|00300016|0036185|20|875|0118|20191122|20191222|5.75|20000000|0||0|20000000
D01|003|00300016|0036186|20|875|0118|20191122|20191222|5.75|20000000|0||0|20000000
D01|003|00300016|0036187|20|875|0118|20191122|20191222|5.75|20000000|0||0|20000000
D01|003|00300016|0036188|20|875|0118|20191122|20191222|5.75|20000000|0||0|20000000
D01|003|00300016|0036189|20|875|0118|20191122|20191222|5.75|20000000|0||0|20000000
D01|003|00300076|0036659|20|875|0118|20191101|20191201|6.75|175000000|0||0|175000000
D01|003|00300591|0036708|20|875|0118|20191123|20191223|5.75|37752821|0||0|37752821
D01|003|00300244|0036719|20|875|0118|20191115|20191215|6.75|90000000|0||0|90000000
D01|003|00300003|0036724|20|875|0118|20190706|20200106|7.25|15000000|0||0|15000000
D01|003|00300070|0036726|20|875|0118|20190727|20200127|6.50|50000000|0||0|50000000
D01|003|00300003|0036740|20|875|0118|20191011|20200411|7.00|50000000|0||0|50000000
D01|003|00300008|0036749|20|875|0118|20190610|20191210|7.25|100000000|0||0|100000000
D01|003|00300008|0036750|20|875|0118|20190610|20191210|7.25|25000000|0||0|25000000
D01|003|00300076|0036752|20|875|0118|20191124|20191224|6.75|69000000|0||0|69000000
D01|003|00300008|0036761|20|875|0118|20190718|20200118|8.00|25000000|0||0|25000000
D01|003|00300290|0036765|20|875|0118|20191128|20191228|6.75|60277513|0||0|60277513
D01|003|00300008|0036766|20|875|0118|20190811|20200211|7.75|15000000|0||0|15000000
D01|003|00300154|0036773|20|875|0118|20191116|20191216|6.50|500000000|0||0|500000000
D01|003|00300290|0036778|20|875|0118|20191125|20191225|6.75|35678680|0||0|35678680
D01|003|00300290|0036779|20|875|0118|20191101|20191201|6.75|35508633|0||0|35508633
D01|003|00300968|0036785|20|875|0118|20191108|20191208|5.75|10000000|0||0|10000000
D01|003|00300063|0036792|20|875|0118|20191107|20191207|6.50|200000000|0||0|200000000
D01|003|00300007|0036794|20|875|0118|20191119|20191219|5.75|22476976|0||0|22476976
D01|003|00300003|0038854|20|875|0118|20191106|20191206|6.50|25000000|0||0|25000000
D01|003|00300290|0038861|20|875|0118|20191103|20191203|6.75|171003776|0||0|171003776
D01|003|00300290|0038872|20|875|0118|20191107|20191207|6.75|193053108|0||0|193053108
D01|003|00300968|0038877|20|875|0118|20191129|20191229|5.75|10000000|0||0|10000000
D01|003|00300076|0038882|20|875|0118|20191108|20191208|6.75|100000000|0||0|100000000
D01|003|00300076|0038883|20|875|0118|20191108|20191208|6.75|75000000|0||0|75000000
D01|003|00300244|0038890|20|875|0118|20191117|20191217|6.75|60000000|0||0|60000000
D01|003|00300244|0038896|20|875|0118|20191124|20191224|6.75|90000000|0||0|90000000
D01|003|00300007|0038898|20|875|0118|20191128|20191228|5.75|21858167|0||0|21858167
D01|003|00301126|0039151|20|875|0118|20191122|20191222|6.50|60000000|0||0|60000000
D01|003|00301126|0039157|20|875|0118|20191127|20191227|6.50|50000000|0||0|50000000
D01|003|00300003|0039158|20|875|0118|20191129|20200529|7.25|30000000|0||0|30000000
D01|003|00300007|0039202|20|875|0118|20191112|20191212|5.75|2177584|0||0|2177584
D01|003|00300003|0039209|20|875|0118|20191119|20191219|6.50|30000000|0||0|30000000
D01|003|00300244|0039224|20|875|0118|20191117|20191217|6.75|50000000|0||0|50000000
D01|003|00301126|0039229|20|875|0118|20191106|20191206|6.50|50000000|0||0|50000000
D01|003|00300003|0039232|20|875|0118|20190820|20200820|7.25|40000000|0||0|40000000
D01|003|00300968|0039233|20|875|0118|20191117|20191217|5.75|10000000|0||0|10000000
D01|003|00300390|0039234|20|875|0118|20190918|20200918|7.25|150000000|0||0|150000000
D01|003|00300076|0039236|20|875|0118|20191111|20191211|6.75|80000000|0||0|80000000
D01|003|00300244|0039239|20|875|0118|20191104|20191204|6.75|100000000|0||0|100000000
D01|003|00300244|0039240|20|875|0118|20191111|20191211|6.75|90000000|0||0|90000000
D01|003|00300015|0039241|20|875|0118|20191111|20191211|7.00|1000000000|0||0|1000000000
D01|003|00300244|0039243|20|875|0118|20191112|20191212|6.75|100000000|0||0|100000000
D01|003|00301126|0039244|20|875|0118|20191126|20191226|6.50|40000000|0||0|40000000
D01|003|00300290|0039249|20|875|0118|20191111|20191211|6.75|156555424|0||0|156555424
D01|001|00100290|0110101|20|875|0116|20191123|20191223|7.00|100000000|0||0|100000000
D01|001|00104180|0110102|20|875|0194|20190724|20200724|9.25|160000000|0||0|160000000
D01|001|00201290|0110105|20|875|0194|20191127|20191227|5.75|10689123|0||0|10689123
D01|001|00100834|0110113|20|875|0395|20191101|20191201|4.75|1000000|0||0|1000000
D01|001|00100290|0110114|20|875|0116|20191101|20191201|7.00|100000000|0||0|100000000
D01|001|00103664|0110119|20|875|0194|20190803|20200203|7.75|155000000|0||0|155000000
D01|001|00109315|0110120|20|875|0391|20190803|20200803|9.00|25000000000|0||0|25000000000
D01|001|00102955|0110121|20|875|0194|20190806|20200806|9.00|350000000|0||0|350000000
D01|001|00104864|0110122|20|875|0194|20190806|20200806|8.50|1500000000|0||0|1500000000
D01|001|00101527|0110123|20|875|0116|20190806|20200206|8.00|120000000|0||0|120000000
D01|001|00101527|0110124|20|875|0116|20190806|20200206|8.00|150000000|0||0|150000000
D01|001|00104804|0110132|20|875|0194|20190814|20200814|7.75|750000000|0||0|750000000
D01|001|00102749|0110137|20|875|0194|20191120|20191220|4.75|6374776|0||0|6374776
D01|001|00104068|0110146|20|875|0194|20191104|20191204|7.00|214434952|0||0|214434952
D01|001|00105895|0110148|20|875|0116|20191110|20191210|5.75|10000000|0||0|10000000
D01|001|00102554|0110152|20|875|0194|20190912|20200912|8.50|1000000000|0||0|1000000000
D01|001|00101232|0110157|20|875|0194|20190914|20200314|6.75|101000000|0||0|101000000
D01|001|00104039|0110160|20|875|0194|20191117|20191217|7.00|60000000|0||0|60000000
D01|001|00102955|0110163|20|875|0194|20190924|20200924|9.00|800000000|0||0|800000000
D01|001|00104180|0110164|20|875|0194|20190924|20200924|9.00|200000000|0||0|200000000
D01|001|00101927|0110166|20|875|0194|20190924|20200324|6.75|100000000|0||0|100000000
D01|001|00102832|0110175|20|875|0194|20191001|20200401|7.75|32000000|0||0|32000000
D01|001|00102519|0110179|20|875|0194|20191003|20200403|7.75|200000000|0||0|200000000
D01|001|00102519|0110180|20|875|0194|20191003|20200403|7.75|50000000|0||0|50000000
D01|001|00201290|0110181|20|875|0194|20191103|20191203|5.75|15862714|0||0|15862714
D01|001|00105301|0110183|20|875|0194|20191004|20200404|6.75|11000000|0||0|11000000
D01|001|00105746|0110185|20|875|0194|20191104|20191204|6.75|605516466|0||0|605516466
D01|001|00108127|0110186|20|875|0194|20191104|20191204|7.00|500000000|0||0|500000000
D01|001|00104018|0110187|20|875|0116|20191105|20191205|5.75|31500000|0||0|31500000
D01|001|00109170|0110197|20|875|0194|20191012|20200412|6.75|200000000|0||0|200000000
D01|001|00103570|0110198|20|875|0194|20191115|20191215|6.25|210000000|0||0|210000000
D01|001|00109412|0110199|20|875|0194|20191115|20191215|6.75|1000000000|0||0|1000000000
D01|001|00102893|0110201|20|875|0116|20191015|20201015|6.50|30000000|0||0|30000000
D01|001|00108585|0110206|20|875|0194|20191119|20191219|6.75|75000000|0||0|75000000
D01|001|00100274|0110210|20|875|0117|20191025|20201025|8.25|100000000|0||0|100000000
D01|001|00100290|0110211|20|875|0116|20191125|20191225|7.00|100000000|0||0|100000000
D01|001|00105015|0110212|20|875|0116|20191125|20191225|7.00|70000000|0||0|70000000
D01|001|00100290|0110213|20|875|0116|20191126|20191226|7.00|100000000|0||0|100000000
D01|001|00101368|0110217|20|875|0194|20191101|20200501|7.25|51000000|0||0|51000000
D01|001|00103800|0110219|20|875|0194|20191105|20191205|6.25|52619206|0||0|52619206
D01|001|00103597|0110220|20|875|0194|20191105|20191205|6.25|9471457|0||0|9471457
D01|001|00105832|0110221|20|875|0194|20191105|20200505|6.75|105000000|0||0|105000000
D01|001|00105294|0110235|20|875|0194|20191113|20201113|6.50|10000000|0||0|10000000
D01|001|00102832|0110237|20|875|0194|20191115|20200515|7.50|100000000|0||0|100000000
D01|001|00105241|0110238|20|875|0194|20191115|20191215|5.75|60000000|0||0|60000000
D01|001|00108932|0110240|20|875|0394|20191116|20191216|6.75|200000000|0||0|200000000
D01|001|00105015|0110241|20|875|0116|20191116|20191216|7.00|150000000|0||0|150000000
D01|001|00103270|0110243|20|875|0194|20191119|20191219|6.25|35000000|0||0|35000000
D01|001|00108687|0110250|20|875|0194|20191123|20191223|7.00|150000000|0||0|150000000
D01|001|00101576|0110258|20|875|0194|20190603|20191203|7.00|55000000|0||0|55000000
D01|001|00107866|0110261|20|875|0591|20191106|20191206|6.75|21021086|0||0|21021086
D01|001|00105309|0110262|20|875|0194|20181210|20191210|7.25|35000000|0||0|35000000
D01|001|00101392|0110266|20|875|0194|20181212|20191212|8.75|600000000|0||0|600000000
D01|001|00105491|0110268|20|875|0194|20181213|20191213|6.00|6000000|0||0|6000000
D01|001|00103616|0110269|20|875|0194|20181213|20191213|8.50|563000000|0||0|563000000
D01|001|00103597|0110273|20|875|0194|20190618|20191218|7.00|2000000|0||0|2000000
D01|001|00108585|0110278|20|875|0194|20191121|20191221|7.00|50000000|0||0|50000000
D01|001|00101484|0110279|20|875|0194|20191121|20191221|7.00|100000000|0||0|100000000
D01|001|00100290|0110280|20|875|0116|20190626|20191226|8.00|100000000|0||0|100000000
D01|001|00103664|0110282|20|875|0194|20190628|20191228|8.25|800000000|0||0|800000000
D01|001|00102816|0110283|20|875|0194|20181228|20191228|8.50|120000000|0||0|120000000
D01|001|00108566|0110284|20|875|0194|20181228|20191228|8.50|345000000|0||0|345000000
D01|001|00105882|0110285|20|875|0194|20191128|20191228|5.75|10000000|0||0|10000000
D01|001|00102955|0110286|20|875|0194|20190102|20200102|8.50|500000000|0||0|500000000
D01|001|00102624|0110287|20|875|0194|20190102|20200102|8.75|1000000000|0||0|1000000000
D01|001|00104180|0110289|20|875|0194|20190104|20200104|8.50|500000000|0||0|500000000
D01|001|00108566|0110290|20|875|0194|20190104|20200104|8.50|400000000|0||0|400000000
D01|001|00102910|0110291|20|875|0194|20190704|20200104|8.50|2000000000|0||0|2000000000
D01|001|00107149|0110292|20|875|0194|20191107|20191207|6.75|501000000|0||0|501000000
D01|001|00107866|0110293|20|875|0591|20191107|20191207|6.75|20928655|0||0|20928655
D01|001|00106332|0110294|20|875|0194|20190108|20200108|8.75|1000000000|0||0|1000000000
D01|001|00101484|0110295|20|875|0194|20191109|20191209|6.75|250000000|0||0|250000000
D01|001|00102910|0110297|20|875|0194|20190710|20200110|8.50|2000000000|0||0|2000000000
D01|001|00104180|0110298|20|875|0194|20190111|20200111|8.50|150000000|0||0|150000000
D01|001|00101540|0110299|20|875|0194|20190111|20200111|8.00|200000000|0||0|200000000
D01|001|00102816|0110300|20|875|0194|20190114|20200114|8.50|190000000|0||0|190000000
D01|001|00102832|0110301|20|875|0194|20191114|20191214|7.00|50000000|0||0|50000000
D01|001|00102832|0110302|20|875|0194|20190714|20200114|8.00|225000000|0||0|225000000
D01|001|00104039|0110303|20|875|0194|20191114|20191214|7.00|100000000|0||0|100000000
D01|001|00104783|0110305|20|875|0194|20190714|20200114|6.50|40000000|0||0|40000000
D01|001|00109434|0110306|20|875|0194|20190718|20200118|7.00|7600000|0||0|7600000
D01|001|00103160|0110307|12|875|0194|20191121|20191221|4.75|1562668|0||0|1562668
D01|001|00102624|0110308|20|875|0194|20190121|20200121|8.75|1000000000|0||0|1000000000
D01|001|00101576|0110309|20|875|0194|20190721|20200121|7.00|120000000|0||0|120000000
D01|001|00102469|0110310|20|875|0194|20191121|20191221|7.00|200000000|0||0|200000000
D01|001|00105501|0110315|20|875|0194|20191129|20191229|5.75|22103879|0||0|22103879
D01|001|00103906|0110319|20|875|0194|20191101|20191201|6.25|200000000|0||0|200000000
D01|001|00101576|0110321|20|875|0194|20190804|20200204|6.75|50000000|0||0|50000000
D01|001|00104068|0110325|20|875|0194|20191108|20191208|7.00|209226000|0||0|209226000
D01|001|00107866|0110326|20|875|0591|20191108|20191208|6.75|10418316|0||0|10418316
D01|001|00104068|0110329|20|875|0194|20191111|20191211|7.00|209226000|0||0|209226000
D01|001|00100745|0110330|12|875|0194|20190211|20200211|6.75|12000000|0||0|12000000
D01|001|00103368|0110331|20|875|0194|20191111|20191211|6.25|105000000|0||0|105000000
D01|001|00109623|0110333|20|875|0194|20190211|20200211|7.50|160000000|0||0|160000000
D01|001|00105058|0110334|20|875|0116|20191111|20191211|7.00|500000000|0||0|500000000
D01|001|00100318|0110335|12|875|0194|20191113|20191213|6.75|402478329|0||0|402478329
D01|001|00107866|0110338|20|875|0591|20191115|20191215|6.75|120472540|0||0|120472540
D01|001|00108800|0110342|20|875|0194|20190819|20200219|6.75|25000000|0||0|25000000
D01|001|00104367|0110343|20|875|0194|20191119|20191219|6.25|51832460|0||0|51832460
D01|001|00104916|0110345|20|875|0194|20190820|20200220|7.75|150000000|0||0|150000000
D01|001|00106332|0110347|20|875|0194|20190222|20200222|8.75|1000000000|0||0|1000000000
D01|001|00100628|0110350|20|875|0194|20191126|20191226|5.75|51797960|0||0|51797960
D01|001|00100290|0110352|20|875|0116|20190827|20200227|7.75|100000000|0||0|100000000
D01|001|00106040|0110353|20|875|0194|20190227|20200227|8.75|1000000000|0||0|1000000000
D01|001|00101527|0110354|20|875|0116|20190828|20200228|8.00|500000000|0||0|500000000
D01|001|00102816|0110358|20|875|0194|20190301|20200301|8.50|100000000|0||0|100000000
D01|001|00109194|0110359|20|875|0194|20191104|20191204|5.75|10321586|0||0|10321586
D01|001|00102180|0110363|20|875|0116|20191106|20191206|6.75|300000000|0||0|300000000
D01|001|00103286|0110364|20|875|0194|20191106|20191206|7.00|300000000|0||0|300000000
D01|001|00103286|0110365|20|875|0194|20191106|20191206|7.00|201000000|0||0|201000000
D01|001|00105299|0110366|20|875|0194|20191108|20191208|6.75|200000000|0||0|200000000
D01|001|00100628|0110367|20|875|0194|20190908|20200308|6.25|10000000|0||0|10000000
D01|001|00102816|0110370|20|875|0194|20190313|20200313|9.25|1000000000|0||0|1000000000
D01|001|00104803|0110371|20|875|0194|20190313|20200313|8.75|1000000000|0||0|1000000000
D01|001|00101368|0110372|20|875|0194|20191114|20191214|6.75|50000000|0||0|50000000
D01|001|00100290|0110374|20|875|0116|20190914|20200314|7.75|200000000|0||0|200000000
D01|001|00100290|0110375|20|875|0116|20190915|20200315|7.75|200000000|0||0|200000000
D01|001|00109434|0110376|20|875|0194|20191115|20191215|6.25|110000000|0||0|110000000
D01|001|00103664|0110378|20|875|0194|20190918|20200318|7.75|200000000|0||0|200000000
D01|001|00100290|0110379|20|875|0116|20190918|20200318|7.75|200000000|0||0|200000000
D01|001|00104068|0110382|20|875|0194|20191121|20191221|7.00|208302597|0||0|208302597
D01|001|00105024|0110384|20|875|0194|20190925|20200325|7.50|100000000|0||0|100000000
D01|001|00102469|0110385|20|875|0194|20191125|20191225|7.00|156226948|0||0|156226948
D01|001|00108127|0110390|20|875|0194|20191126|20191226|7.00|420000000|0||0|420000000
D01|001|00104916|0110392|20|875|0194|20190927|20200327|7.75|89300000|0||0|89300000
D01|001|00102816|0110393|20|875|0194|20190327|20200327|9.25|2000000000|0||0|2000000000
D01|001|00104796|0110396|20|875|0194|20190328|20200328|8.75|990000000|0||0|990000000
D01|001|00102816|0110398|20|875|0194|20190401|20200401|9.25|250000000|0||0|250000000
D01|001|00104180|0110399|20|875|0194|20190401|20200401|9.25|375000000|0||0|375000000
D01|001|00103615|0110402|20|875|0194|20191105|20191205|6.25|51518579|0||0|51518579
D01|001|00105080|0110405|20|875|0116|20191105|20191205|5.75|30000000|0||0|30000000
D01|001|00107866|0110406|20|875|0591|20191108|20191208|6.75|20655602|0||0|20655602
D01|001|00109194|0110407|20|875|0194|20191108|20191208|5.75|5139839|0||0|5139839
D01|001|00104166|0110410|20|875|0194|20191109|20191209|6.25|80000000|0||0|80000000
D01|001|00107866|0110412|20|875|0591|20191110|20191210|6.75|51639006|0||0|51639006
D01|001|00105058|0110413|20|875|0116|20191112|20191212|7.00|1000000000|0||0|1000000000
D01|001|00105058|0110414|20|875|0116|20191012|20200412|7.75|1000000000|0||0|1000000000
D01|001|00105057|0110416|20|875|0194|20190412|20200412|8.75|1000000000|0||0|1000000000
D01|001|00201290|0110418|20|875|0194|20191112|20191212|5.75|25763067|0||0|25763067
D01|001|00107294|0110419|20|875|0194|20191015|20200415|6.75|75000000|0||0|75000000
D01|001|00105151|0110421|20|875|0194|20191116|20191216|7.00|150000000|0||0|150000000
D01|001|00100290|0110424|20|875|0116|20191018|20200418|7.75|100000000|0||0|100000000
D01|001|00102816|0110425|20|875|0194|20190422|20200422|9.25|1000000000|0||0|1000000000
D01|001|00101185|0110426|20|875|0194|20191122|20191222|6.75|103244213|0||0|103244213
D01|001|00103664|0110430|20|875|0194|20191025|20200425|7.75|1100000000|0||0|1100000000
D01|001|00102721|0110431|20|875|0194|20191125|20191225|6.25|150000000|0||0|150000000
D01|001|00105015|0110432|20|875|0116|20191126|20191226|7.00|60000000|0||0|60000000
D01|001|00103602|0110435|20|875|0194|20191129|20191229|6.75|350000000|0||0|350000000
D01|001|00104843|0110437|20|875|0194|20191130|20191230|6.25|55000000|0||0|55000000
D01|001|00104233|0110438|20|875|0194|20191102|20200502|6.25|50000000|0||0|50000000
D01|001|00102909|0110439|20|875|0194|20191102|20191202|5.75|10259865|0||0|10259865
D01|001|00103837|0110440|20|875|0194|20191102|20191202|6.25|28727623|0||0|28727623
D01|001|00108305|0110442|20|875|0502|20191106|20200506|6.25|15000000|0||0|15000000
D01|001|00201290|0110443|20|875|0194|20191106|20191206|5.75|15384500|0||0|15384500
D01|001|00101185|0110446|20|875|0194|20191107|20191207|6.75|257012069|0||0|257012069
D01|001|00104166|0110450|20|875|0194|20191109|20191209|6.25|30000000|0||0|30000000
D01|001|00100318|0110452|12|875|0194|20191110|20191210|6.75|319014935|0||0|319014935
D01|001|00102816|0110453|20|875|0194|20190510|20200510|9.25|500000000|0||0|500000000
D01|001|00103270|0110456|20|875|0194|20191110|20191210|6.25|67500000|0||0|67500000
D01|001|00101262|0110457|20|875|0194|20191113|20200513|6.75|150000000|0||0|150000000
D01|001|00102955|0110458|20|875|0194|20190513|20200513|9.25|300000000|0||0|300000000
D01|001|00104068|0110459|20|875|0194|20191113|20191213|7.00|206229470|0||0|206229470
D01|001|00102515|0110461|12|875|0194|20190514|20200514|9.00|1000000000|0||0|1000000000
D01|001|00108382|0110463|20|875|0392|20190514|20200514|8.50|535500000|0||0|535500000
D01|001|00102473|0110464|20|875|5191|20191114|20200514|6.75|105000000|0||0|105000000
D01|001|00100290|0110465|20|875|0116|20191114|20200514|7.50|100000000|0||0|100000000
D01|001|00105737|0110467|20|875|0194|20191115|20200515|6.25|10000000|0||0|10000000
D01|001|00100290|0110468|20|875|0116|20191115|20200515|7.50|100000000|0||0|100000000
D01|001|00108127|0110469|20|875|0194|20191115|20191215|7.00|150000000|0||0|150000000
D01|001|00102910|0110471|20|875|0194|20191116|20200516|7.50|3000000000|0||0|3000000000
D01|001|00104916|0110472|20|875|0194|20191117|20200517|7.25|156000000|0||0|156000000
D01|001|00101527|0110473|20|875|0116|20191117|20191217|7.00|200000000|0||0|200000000
D01|001|00108800|0110475|20|875|0194|20191117|20200517|6.75|20000000|0||0|20000000
D01|001|00102662|0110480|20|875|0194|20191122|20191222|6.25|205197308|0||0|205197308
D01|001|00102784|0110481|20|875|0194|20191122|20191222|6.75|500000000|0||0|500000000
D01|001|00108566|0110485|20|875|0194|20190524|20200524|9.25|1000000000|0||0|1000000000
D01|001|00102535|0110486|12|875|0194|20190524|20200524|9.00|1000000000|0||0|1000000000
D01|002|00200083|0210001|20|875|0116|20190102|20200102|8.50|200000000|0||0|200000000
D01|002|00200083|0210002|20|875|0116|20190102|20200102|8.50|200000000|0||0|200000000
D01|002|00201462|0210003|20|875|0116|20190102|20200102|7.50|190000000|0||0|190000000
D01|002|00200083|0210005|20|875|0116|20190104|20200104|8.50|220000000|0||0|220000000
D01|002|00201211|0210009|20|875|0116|20191115|20191215|5.00|5000000|0||0|5000000
D01|002|00204356|0210020|20|875|0117|20190221|20200221|6.75|25000000|0||0|25000000
D01|002|00202677|0210026|20|875|0116|20190912|20191212|4.50|5000000|0||0|5000000
D01|002|00200081|0210031|20|875|0116|20190328|20200328|7.00|20000000|0||0|20000000
D01|002|00204077|0210033|20|875|0194|20190404|20200404|7.00|250000000|0||0|250000000
D01|002|00200591|0210039|20|875|0116|20191108|20191208|5.00|20000000|20000000|02|0|20000000
D01|002|00200083|0210041|20|875|0116|20190528|20200528|8.50|200000000|0||0|200000000
D01|002|00200083|0210043|20|875|0116|20190531|20200531|8.50|100000000|0||0|100000000
D01|003|00300968|0039160|20|875|0118|20191117|20191217|5.75|10000000|0||0|10000000
D01|001|00102519|0110489|20|875|0194|20190610|20191210|8.00|40700000|0||0|40700000
D01|001|00102515|0110490|12|875|0194|20190611|20200611|9.00|1000000000|0||0|1000000000
D01|001|00102535|0110491|12|875|0194|20190611|20200611|9.00|1000000000|0||0|1000000000
D01|001|00109153|0110492|20|875|0194|20190612|20191212|6.50|20000000|0||0|20000000
D01|001|00102554|0110493|20|875|0194|20190614|20200614|9.00|1000000000|0||0|1000000000
D01|001|00106040|0110494|20|875|0194|20190614|20200614|9.00|1000000000|0||0|1000000000
D01|001|00109806|0110495|20|875|0194|20191117|20191217|7.00|101000000|0||0|101000000
D01|001|00108687|0110497|20|875|0194|20191118|20191218|7.00|100000000|0||0|100000000
D01|001|00108127|0110499|20|875|0194|20191118|20191218|7.00|40000000|0||0|40000000
D01|001|00101724|0110500|20|875|0194|20191118|20191218|6.75|200000000|0||0|200000000
D01|001|00104619|0110501|20|875|0194|20190619|20200619|8.50|2000000000|0||0|2000000000
D01|001|00103326|0110502|20|875|0194|20190619|20191219|7.00|200000000|0||0|200000000
D01|001|00103326|0110503|20|875|0194|20191119|20191219|6.25|200000000|0||0|200000000
D01|001|00105546|0110504|20|875|0116|20190619|20191219|8.25|1100000000|0||0|1100000000
D01|001|00100771|0110505|20|875|0194|20191119|20191219|7.00|258477442|0||0|258477442
D01|001|00109247|0110507|20|875|0391|20190621|20200621|9.25|11000000000|0||0|11000000000
D01|001|00105546|0110508|20|875|0116|20190621|20191221|8.25|990000000|0||0|990000000
D01|001|00102910|0110509|20|875|0194|20190621|20191221|8.50|3000000000|0||0|3000000000
D01|001|00105546|0110510|20|875|0116|20190624|20191224|8.25|900000000|0||0|900000000
D01|001|00108127|0110511|20|875|0194|20191124|20191224|7.00|200000000|0||0|200000000
D01|001|00103270|0110512|20|875|0194|20191124|20191224|6.25|40000000|0||0|40000000
D01|001|00102910|0110513|20|875|0194|20190624|20191224|8.50|1000000000|0||0|1000000000
D01|001|00103597|0110519|20|875|0194|20190626|20191226|7.00|11000000|0||0|11000000
D01|001|00107866|0110520|20|875|0591|20191126|20191226|6.75|36322956|0||0|36322956
D01|001|00100290|0110521|20|875|0116|20190626|20191226|8.00|100000000|0||0|100000000
D01|001|00105151|0110523|20|875|0194|20191127|20191227|7.00|200000000|0||0|200000000
D01|001|00103750|0110525|20|875|0194|20191128|20191228|5.75|25494274|0||0|25494274
D01|001|00102554|0110526|20|875|0194|20190628|20200628|8.75|1000000000|0||0|1000000000
D01|001|00100326|0110527|20|875|0194|20191128|20191228|7.00|1024890730|0||0|1024890730
D01|001|00102515|0110528|12|875|0194|20190628|20200628|8.75|1000000000|0||0|1000000000
D01|002|00103533|0210044|20|875|0116|20191110|20191210|5.00|7500000|0||0|7500000
D01|002|00200425|0210045|20|875|0116|20191112|20191212|6.00|20000000|0||0|20000000
D01|002|00200258|0210047|20|875|0116|20190617|20200617|7.00|100000000|0||0|100000000
D01|003|00301126|0039161|20|875|0118|20191109|20191209|6.50|25000000|0||0|25000000
D01|003|00300008|0039162|20|875|0118|20190712|20200112|8.00|36000000|0||0|36000000
D01|001|00102569|0110529|20|875|0194|20190701|20200101|7.00|250000000|0||0|250000000
D01|001|00108783|0110530|20|875|0116|20190703|20200103|6.50|30000000|0||0|30000000
D01|001|00101262|0110531|20|875|0194|20191103|20191203|6.25|40000000|0||0|40000000
D01|001|00102286|0110532|20|875|0194|20191103|20191203|6.25|160000000|0||0|160000000
D01|001|00103597|0110533|20|875|0194|20190703|20200103|7.00|8000000|0||0|8000000
D01|001|00105178|0110534|20|875|0116|20190704|20200104|7.00|101000000|0||0|101000000
D01|001|00109935|0110535|20|875|0194|20190704|20200104|7.00|100500000|0||0|100500000
D01|001|00102784|0110538|20|875|0194|20191108|20191208|6.75|15520474|0||0|15520474
D01|001|00102784|0110539|20|875|0194|20191108|20191208|6.75|15449156|0||0|15449156
D01|001|00107866|0110540|20|875|0591|20191108|20191208|6.75|80461025|0||0|80461025
D01|001|00101724|0110541|20|875|0194|20191108|20191208|6.75|50000000|0||0|50000000
D01|001|00102535|0110544|12|875|0194|20190709|20200709|8.75|1000000000|0||0|1000000000
D01|001|00101599|0110547|20|875|0194|20190712|20200112|8.00|60000000|0||0|60000000
D01|001|00107866|0110548|20|875|0591|20191115|20191215|6.75|140042924|0||0|140042924
D01|001|00104843|0110549|20|875|0194|20191117|20191217|6.25|110000000|0||0|110000000
D01|001|00103615|0110554|20|875|0194|20191125|20191225|6.25|152569212|0||0|152569212
D01|001|00102519|0110555|20|875|0194|20190725|20200125|8.00|125000000|0||0|125000000
D01|001|00102519|0110556|20|875|0194|20190726|20200126|8.00|125000000|0||0|125000000
D01|001|00106332|0110557|20|875|0194|20190729|20200729|8.75|1000000000|0||0|1000000000
D01|001|00108382|0110558|20|875|0392|20190730|20200730|8.50|40000000|0||0|40000000
D01|002|00200645|0210053|20|875|0116|20190708|20200708|6.00|20000000|0||0|20000000
D01|002|00201341|0210054|20|875|0116|20191108|20191208|6.50|50000000|0||0|50000000
D01|002|00200083|0210056|20|875|0116|20190709|20200709|8.50|150000000|0||0|150000000
D01|002|00200801|0210058|20|875|0116|20191112|20191212|4.50|5000000|0||0|5000000
D01|002|00203822|0210062|20|875|0116|20190719|20200719|8.50|700000000|0||0|700000000
D01|003|00300076|0039178|20|875|0118|20191102|20191202|6.75|100000000|0||0|100000000
D01|003|00300024|0039179|20|875|0118|20190826|20200226|8.00|1000000000|0||0|1000000000
D01|003|00300024|0039180|20|875|0118|20190826|20200226|8.00|1000000000|0||0|1000000000
D01|003|00300024|0039181|20|875|0118|20190826|20200226|8.00|1000000000|0||0|1000000000
D01|003|00300024|0039182|20|875|0118|20190826|20200226|8.00|1000000000|0||0|1000000000
D01|003|00300024|0039183|20|875|0118|20190826|20200226|8.00|1000000000|0||0|1000000000
D01|003|00300024|0039184|20|875|0118|20190826|20200226|8.00|1000000000|0||0|1000000000
D01|003|00300024|0039185|20|875|0118|20190826|20200226|8.00|1000000000|0||0|1000000000
D01|003|00300024|0039186|20|875|0118|20190826|20200226|8.00|1000000000|0||0|1000000000
D01|003|00300024|0039187|20|875|0118|20190826|20200226|8.00|1000000000|0||0|1000000000
D01|003|00300024|0039188|20|875|0118|20190826|20200226|8.00|1000000000|0||0|1000000000
D01|003|00300024|0039189|20|875|0118|20190826|20200226|8.00|1000000000|0||0|1000000000
D01|003|00300024|0039190|20|875|0118|20190826|20200226|8.00|1000000000|0||0|1000000000
D01|003|00300024|0039191|20|875|0118|20190826|20200226|8.00|1000000000|0||0|1000000000
D01|003|00300024|0039192|20|875|0118|20190826|20200226|8.00|1000000000|0||0|1000000000
D01|003|00300024|0039193|20|875|0118|20190826|20200226|8.00|1000000000|0||0|1000000000
D01|001|00103165|0110560|20|875|0194|20191101|20191201|6.75|150000000|0||0|150000000
D01|001|00100304|0110561|20|875|0194|20190801|20200801|9.00|3000000000|0||0|3000000000
D01|001|00103286|0110562|20|875|0194|20191102|20191202|7.00|500000000|0||0|500000000
D01|001|00100266|0110563|20|875|0194|20191102|20191202|6.75|501000000|0||0|501000000
D01|001|00105839|0110564|20|875|0194|20191102|20191202|6.25|151898363|0||0|151898363
D01|001|00102180|0110565|20|875|0116|20190805|20200205|7.50|300000000|0||0|300000000
D01|001|00108932|0110566|20|875|0394|20191106|20191206|6.75|20000000|0||0|20000000
D01|001|00107866|0110567|20|875|0591|20191106|20191206|6.75|25341820|0||0|25341820
D01|001|00108687|0110568|20|875|0194|20191107|20191207|7.00|100000000|0||0|100000000
D01|001|00109288|0110569|20|875|0194|20191107|20191207|4.75|2000000|0||0|2000000
D01|001|00105033|0110570|20|875|0194|20191107|20191207|5.75|8700099|0||0|8700099
D01|001|00101185|0110571|20|875|0194|20191107|20191207|6.75|100000000|0||0|100000000
D01|001|00100279|0110573|20|875|0194|20190808|20200208|6.75|51000000|0||0|51000000
D01|001|00109634|0110576|20|875|0116|20191109|20200209|5.75|75000000|0||0|75000000
D01|001|00101599|0110577|20|875|0194|20190812|20200212|7.75|64600000|0||0|64600000
D01|001|00100635|0110578|12|875|0194|20190809|20200209|7.75|500000000|0||0|500000000
D01|001|00104916|0110579|20|875|0194|20190812|20200212|7.50|237000000|0||0|237000000
D01|001|00100290|0110582|20|875|0116|20190813|20200213|7.75|100000000|0||0|100000000
D01|001|00102115|0110583|20|875|0194|20191113|20191213|4.75|6072123|0||0|6072123
D01|001|00104916|0110584|20|875|0194|20190814|20200214|7.75|200000000|0||0|200000000
D01|001|00101599|0110585|20|875|0194|20190814|20200214|7.75|75000000|0||0|75000000
D01|001|00102554|0110586|20|875|0194|20190814|20200814|8.50|1000000000|0||0|1000000000
D01|001|00109806|0110587|20|875|0194|20191116|20191216|7.00|100000000|0||0|100000000
D01|001|00103319|0110588|20|875|0393|20191119|20191219|7.00|300000000|0||0|300000000
D01|001|00104804|0110589|20|875|0194|20190820|20200820|8.50|500000000|0||0|500000000
D01|001|00109806|0110590|20|875|0194|20191120|20191220|7.00|100000000|0||0|100000000
D01|001|00108687|0110591|20|875|0194|20191120|20191220|7.00|150000000|0||0|150000000
D01|001|00108687|0110592|20|875|0194|20190820|20200820|8.25|50000000|0||0|50000000
D01|001|00108939|0110593|20|875|0194|20190820|20200820|8.25|500000000|0||0|500000000
D01|001|00108939|0110594|20|875|0194|20190820|20200820|8.25|500000000|0||0|500000000
D01|001|00100635|0110595|12|875|0194|20190820|20200820|8.25|1000000000|0||0|1000000000
D01|001|00101368|0110597|20|875|0194|20190822|20200222|7.50|50000000|0||0|50000000
D01|001|00108127|0110600|20|875|0194|20191126|20191226|7.00|65000000|0||0|65000000
D01|001|00108585|0110602|20|875|0194|20191128|20191228|7.00|25000000|0||0|25000000
D01|001|00108585|0110603|20|875|0194|20191128|20191228|7.00|100000000|0||0|100000000
D01|001|00108585|0110604|20|875|0194|20191128|20191228|7.00|50000000|0||0|50000000
D01|002|00204322|0210064|20|875|0116|20190805|20200805|6.00|30000000|0||0|30000000
D01|002|00103122|0210065|20|875|0194|20190805|20200805|8.50|2000000000|0||0|2000000000
D01|002|00103094|0210066|20|875|0194|20190805|20200805|8.50|2000000000|0||0|2000000000
D01|002|00103533|0210068|20|875|0116|20191114|20191214|5.00|6000000|0||0|6000000
D01|002|00200083|0210069|20|875|0116|20190815|20200815|8.50|100000000|0||0|100000000
D01|002|00200083|0210070|20|875|0116|20190819|20200819|8.50|250000000|0||0|250000000
D01|002|00200083|0210071|20|875|0116|20190826|20200826|8.50|100000000|0||0|100000000
D01|002|00202921|0210072|20|875|0116|20191127|20191227|5.00|30000000|0||0|30000000
D01|002|00204090|0210074|20|875|0116|20190830|20200229|5.50|10000000|0||0|10000000
D01|003|00301462|0039194|20|875|0118|20191103|20191203|6.50|100770244|0||0|100770244
D01|003|00300011|0039195|20|875|0118|20191105|20191205|7.00|225000000|0||0|225000000
D01|003|00300011|0039196|20|875|0118|20191112|20191212|7.00|500000000|0||0|500000000
D01|003|00300244|0039197|20|875|0118|20191116|20191216|6.75|50000000|0||0|50000000
D01|001|00104104|0110605|20|875|0194|20190902|20200302|6.75|101000000|0||0|101000000
D01|001|00102515|0110606|12|875|0194|20190902|20200902|8.50|1000000000|0||0|1000000000
D01|001|00103906|0110607|20|875|0194|20191103|20191203|6.25|200000000|0||0|200000000
D01|001|00108687|0110608|20|875|0194|20191103|20191203|7.00|150000000|0||0|150000000
D01|001|00108687|0110609|20|875|0194|20190903|20200903|8.25|500000000|0||0|500000000
D01|001|00103597|0110610|20|875|0194|20191105|20191205|6.25|6500000|0||0|6500000
D01|001|00107866|0110614|20|875|0591|20191109|20191209|6.75|50452251|0||0|50452251
D01|001|00104882|0110615|20|875|0194|20190909|20200309|7.75|115000000|0||0|115000000
D01|001|00105501|0110616|20|875|0194|20191110|20191210|5.75|10077024|0||0|10077024
D01|001|00109194|0110617|20|875|0194|20191110|20191210|5.75|13603983|0||0|13603983
D01|001|00101599|0110619|20|875|0194|20190912|20200312|7.75|27000000|0||0|27000000
D01|001|00109153|0110620|20|875|0194|20190912|20200312|6.25|20000000|0||0|20000000
D01|001|00105299|0110621|20|875|0194|20191112|20191212|6.75|150000000|0||0|150000000
D01|001|00110054|0110622|20|875|0116|20191113|20191213|5.75|10000000|0||0|10000000
D01|001|00104068|0110623|20|875|0194|20191116|20191216|7.00|201943327|0||0|201943327
D01|001|00104166|0110625|20|875|0194|20191117|20191217|6.25|100000000|0||0|100000000
D01|001|00100326|0110626|20|875|0194|20190918|20191218|7.25|1000000000|0||0|1000000000
D01|001|00100326|0110627|20|875|0194|20191118|20191218|7.00|1009716634|0||0|1009716634
D01|001|00108127|0110629|20|875|0194|20191120|20191220|7.00|100000000|0||0|100000000
D01|001|00108127|0110630|20|875|0194|20191124|20191224|7.00|250000000|0||0|250000000
D01|001|00105299|0110681|20|875|0194|20191126|20191226|6.75|151000000|0||0|151000000
D01|001|00107866|0110682|20|875|0591|20191127|20191227|6.75|35316575|0||0|35316575
D01|002|00204502|0210075|20|875|0116|20190903|20191203|5.00|10000000|0||0|10000000
D01|002|00201489|0210076|20|875|0116|20190906|20200906|6.00|18000000|18000000|02|0|18000000
D01|002|00203026|0210078|20|875|0116|20190911|20200911|7.00|101000000|0||0|101000000
D01|002|00200258|0210079|20|875|0116|20190916|20200916|7.00|100000000|0||0|100000000
D01|002|00204766|0210081|20|875|0116|20190924|20200924|6.00|10000000|0||0|10000000
D01|002|00203810|0210082|20|875|0116|20191125|20191225|5.00|27000000|27000000|02|0|27000000
D01|003|00300492|0039199|20|875|0118|20191001|20201001|7.25|160000000|0||0|160000000
D01|001|00100326|0110685|20|875|0194|20191101|20191201|7.00|1004926027|0||0|1004926027
D01|001|00108127|0110686|20|875|0194|20191102|20191202|7.00|100000000|0||0|100000000
D01|001|00102910|0110687|20|875|0194|20191102|20191202|7.00|5000000000|0||0|5000000000
D01|001|00106200|0110688|20|875|0116|20191003|20200403|6.75|19500000|0||0|19500000
D01|001|00105151|0110689|20|875|0194|20191107|20191207|7.00|350000000|0||0|350000000
D01|001|00105039|0110690|20|875|0194|20191107|20191207|7.00|1000000000|0||0|1000000000
D01|001|00105039|0110692|20|875|0194|20191107|20191207|7.00|500000000|0||0|500000000
D01|001|00102832|0110693|20|875|0194|20191007|20200407|7.75|1400000000|0||0|1400000000
D01|001|00102832|0110694|20|875|0194|20191007|20200407|7.75|150000000|0||0|150000000
D01|001|00102910|0110695|20|875|0194|20191107|20191207|7.00|5000000000|0||0|5000000000
D01|001|00201290|0110696|20|875|0194|20191108|20191208|5.75|14054696|0||0|14054696
D01|001|00101599|0110699|20|875|0194|20191009|20201009|8.25|25000000|0||0|25000000
D01|001|00103597|0110700|20|875|0194|20191110|20191210|6.25|5000000|0||0|5000000
D01|001|00104816|0110702|20|875|0194|20191110|20191210|6.25|150000000|0||0|150000000
D01|001|00108800|0110703|20|875|0194|20191011|20200411|6.75|56000000|0||0|56000000
D01|001|00105057|0110705|20|875|0194|20191114|20191214|7.00|500000000|0||0|500000000
D01|001|00103750|0110706|20|875|0194|20191114|20191214|5.75|50195342|0||0|50195342
D01|001|00103461|0110707|20|875|0194|20191114|20191214|5.75|16564463|0||0|16564463
D01|001|00105015|0110710|20|875|0116|20191116|20191216|7.00|500000000|0||0|500000000
D01|001|00105015|0110711|20|875|0116|20191016|20200416|7.75|1000000000|0||0|1000000000
D01|001|00110126|0110712|20|875|0194|20191117|20191217|6.25|101000000|0||0|101000000
D01|001|00110139|0110713|20|875|0393|20191118|20191218|7.00|1000000000|0||0|1000000000
D01|001|00105746|0110714|20|875|0194|20191121|20191221|6.75|301477808|0||0|301477808
D01|001|00100490|0110715|12|875|0194|20191021|20200121|6.25|105000000|0||0|105000000
D01|001|00102601|0110716|20|875|0194|20191121|20191221|5.75|20000000|0||0|20000000
D01|001|00104039|0110717|20|875|0194|20191122|20191222|7.00|100000000|0||0|100000000
D01|001|00103461|0110718|20|875|0194|20191124|20191224|5.75|10039068|0||0|10039068
D01|001|00104367|0110719|20|875|0194|20191124|20191224|6.25|65276027|0||0|65276027
D01|001|00101724|0110720|20|875|0194|20191025|20200425|7.50|10000000|0||0|10000000
D01|001|00105309|0110721|20|875|0194|20191029|20200429|6.75|140700000|0||0|140700000
D01|001|00103597|0110722|20|875|0194|20191130|20191230|6.25|2600000|0||0|2600000
D01|002|00204778|0210083|20|875|0116|20191001|20201001|7.00|400000000|0||0|400000000
D01|002|00103094|0210084|20|875|0194|20191004|20201004|8.50|2000000000|0||0|2000000000
D01|002|00103094|0210085|20|875|0194|20191004|20201004|8.50|2000000000|0||0|2000000000
D01|002|00103094|0210086|20|875|0194|20191004|20201004|8.50|2000000000|0||0|2000000000
D01|002|00200258|0210087|20|875|0116|20191007|20201007|7.50|240000000|0||0|240000000
D01|002|00204322|0210088|20|875|0116|20191007|20201007|6.00|30000000|0||0|30000000
D01|002|00204817|0210089|20|875|0116|20191025|20201025|6.00|8000000|0||0|8000000
D01|002|00202419|0210090|20|875|0116|20191025|20200125|5.00|10000000|0||0|10000000
D01|002|00200258|0210092|20|875|0116|20191028|20201028|7.50|100000000|0||0|100000000
D01|002|00201211|0210093|20|875|0116|20191028|20201028|7.00|102000000|0||0|102000000
D01|001|00104804|0110724|20|875|0194|20191101|20201101|8.00|500000000|0||0|500000000
D01|001|00102832|0110725|20|875|0194|20191101|20200501|7.50|1300000000|0||0|1300000000
D01|001|00109806|0110726|20|875|0194|20191101|20191201|7.00|300000000|0||0|300000000
D01|001|00109806|0110727|20|875|0194|20191104|20191204|7.00|200000000|0||0|200000000
D01|001|00106200|0110728|20|875|0116|20191104|20200504|6.75|45000000|0||0|45000000
D01|001|00109806|0110729|20|875|0194|20191105|20191205|7.00|200000000|0||0|200000000
D01|001|00100302|0110730|20|875|0194|20191106|20191206|6.75|550000000|0||0|550000000
D01|001|00101724|0110731|20|875|0194|20191107|20200507|7.25|205000000|0||0|205000000
D01|001|00103570|0110732|20|875|0194|20191107|20191207|6.25|25000000|0||0|25000000
D01|001|00100635|0110733|12|875|0194|20191107|20201107|8.00|1100000000|0||0|1100000000
D01|001|00103043|0110734|20|875|0194|20191111|20200511|6.25|10000000|0||0|10000000
D01|001|00105309|0110735|20|875|0194|20191111|20191211|6.25|30000000|0||0|30000000
D01|001|00102735|0110736|20|875|0194|20191111|20191211|5.75|40000000|0||0|40000000
D01|001|00101881|0110737|20|875|0194|20191112|20201112|7.00|320000000|0||0|320000000
D01|001|00104689|0110738|20|875|0194|20191112|20200512|6.75|35000000|0||0|35000000
D01|001|00102750|0110739|20|875|0194|20191113|20191213|7.00|1000100000|0||0|1000100000
D01|001|00104965|0110740|20|875|0194|20191113|20191213|7.00|400000000|0||0|400000000
D01|001|00110188|0110741|20|875|0117|20191114|20200214|6.25|145000000|0||0|145000000
D01|001|00108382|0110742|20|875|0392|20191115|20201115|7.50|20000000|0||0|20000000
D01|001|00108075|0110743|20|875|0194|20191118|20191218|5.75|80000000|0||0|80000000
D01|001|00110139|0110744|20|875|0393|20191118|20191218|7.00|1000000000|0||0|1000000000
D01|001|00100279|0110745|20|875|0194|20191119|20191219|6.25|295000000|0||0|295000000
D01|001|00101484|0110746|20|875|0194|20191120|20191220|7.00|150000000|0||0|150000000
D01|001|00108585|0110747|20|875|0194|20191120|20191220|7.00|25000000|0||0|25000000
D01|001|00105773|0110748|20|875|0194|20191121|20200221|6.25|389000000|0||0|389000000
D01|001|00106200|0110749|20|875|0116|20191121|20200521|6.25|30000000|0||0|30000000
D01|001|00100635|0110750|12|875|0194|20191121|20201121|8.00|500000000|0||0|500000000
D01|001|00103269|0110851|20|875|0194|20191122|20191222|6.25|200000000|0||0|200000000
D01|001|00103269|0110852|20|875|0194|20191122|20191222|6.25|200000000|0||0|200000000
D01|001|00103602|0110853|20|875|0194|20191126|20200526|7.25|600000000|0||0|600000000
D01|001|00100279|0110854|20|875|0194|20191126|20191226|6.25|37000000|0||0|37000000
D01|001|00109412|0110855|20|875|0194|20191126|20191226|7.00|1000000|0||0|1000000
D01|001|00101392|0110856|20|875|0194|20191127|20201127|8.25|401000000|0||0|401000000
D01|001|00104965|0110857|20|875|0194|20191127|20191227|7.00|1600000000|0||0|1600000000
D01|001|00109153|0110858|20|875|0194|20191128|20200528|6.75|11000000|0||0|11000000
D01|002|00203545|0210097|20|875|0116|20191105|20201105|6.25|16000000|0||0|16000000
D01|002|00201504|0210098|20|875|0116|20191105|20201105|6.25|10000000|0||0|10000000
D01|002|00201221|0210099|20|875|0116|20191105|20201105|6.50|109000000|0||0|109000000
D01|002|00203545|0210100|20|875|0116|20191108|20201108|6.25|16000000|0||0|16000000
D01|002|00200083|0210751|20|875|0116|20191111|20201111|8.00|110000000|0||0|110000000
D01|002|00200083|0210752|20|875|0116|20191111|20201111|8.00|100000000|0||0|100000000
D01|002|00201504|0210753|20|875|0116|20191111|20201111|6.25|10000000|0||0|10000000
D01|002|00204806|0210754|20|875|0194|20191112|20191212|5.75|10000000|0||0|10000000
D01|002|00203545|0210755|20|875|0116|20191115|20201115|6.25|8000000|0||0|8000000
D01|002|00201341|0210756|20|875|0116|20191118|20201118|7.00|50000000|0||0|50000000
D01|002|00201252|0210757|20|875|0116|20191120|20201120|7.00|280000000|0||0|280000000
D01|002|00203545|0210758|20|875|0116|20191120|20201120|6.25|6000000|0||0|6000000
D01|002|00201375|0210759|20|875|0116|20191120|20201120|6.25|25000000|0||0|25000000
D01|003|00301126|0310634|20|875|0118|20191126|20191226|6.50|30000000|0||0|30000000
D01|003|00301011|0310635|20|875|0118|20191127|20191227|5.75|100000000|0||0|100000000
